#          k           1          b1          b2          b3          b4       b1*b1       b1*b2       b1*b3       b1*b4       b2*b2       b2*b4       b4*b4       b1*b5       b1*b6       b1*b7          b5          b6          b7
        0.01     -14.597    -18.3542    -13.2955    -4.59037    -13.4843    -57.1722     100.526    -17.2874     71.6405    -45.8022    -60.5317    -13.8897     3.00734     1.00281    0.601636    0.799006    0.479365     0.34239     99.9742   0.0977741   0.0259996
   0.0104443    -16.1303    -20.7875    -14.2468    -5.05997    -14.4529    -62.3039     108.993    -19.0564     77.9534    -49.5193    -65.4608     -15.003     3.32641     1.10865    0.665465    0.883782    0.530222    0.378713      99.967    0.103743   0.0275839
   0.0109083    -17.7511    -23.3027    -15.2436    -5.56854    -15.4673    -67.6361     118.139    -20.9737     84.8207    -53.4816    -70.7692    -16.2074     3.67506     1.22465    0.735089    0.976276    0.585696    0.418329      99.959    0.110161   0.0292875
   0.0113929    -19.4942    -26.0179    -16.2889    -6.11843    -16.5299    -73.2999     127.934    -23.0485     92.2083    -57.7131    -76.4085    -17.4731     4.05454     1.35104     0.81073     1.07679    0.645965    0.461362     99.9486     0.11617   0.0308833
    0.011899    -21.4208    -29.1511    -17.3817    -6.71076    -17.6418    -79.5712     138.323    -25.2843     100.061    -62.1687    -82.3133    -18.7644     4.46452     1.48754    0.892421     1.18537    0.711053    0.507829     99.9341    0.120801   0.0321022
   0.0124277    -23.5154      -32.65    -18.5244    -7.34725    -18.8021    -86.3497     149.281    -27.6903     108.351    -66.8289    -88.4365    -20.0534     4.90731     1.63514    0.980379      1.3023    0.781135    0.557857     99.9137    0.123223   0.0327595
   0.0129798    -25.7227     -36.277    -19.7139    -8.02929    -20.0082    -93.2977     160.823    -30.2659     117.094    -71.6932    -94.7738    -21.3314     5.38275     1.79267     1.07494     1.42898    0.856475    0.611636      99.887    0.123049   0.0327151
   0.0135564    -28.0488     -40.067    -20.9461    -8.76109    -21.2525    -100.498      173.04    -33.0197     126.381    -76.7954    -101.381    -22.6217     5.89386     1.96263     1.17782     1.56376    0.937557    0.669516     99.8542    0.120934   0.0320686
   0.0141587    -30.5716    -44.3055    -22.2173    -9.53884    -22.5369    -108.432     186.113    -35.9548     136.392    -82.2078    -108.392    -23.9839     6.44418     2.14567      1.2875     1.71061     1.02502    0.731961     99.8171     0.11665    0.031131
   0.0147878    -33.2954    -49.0158    -23.5196    -10.3624    -23.8453     -117.26     200.288    -39.0685     147.375    -88.0324        -116     -25.506     7.03713     2.34374     1.40497     1.86721     1.11944    0.799373     99.7785    0.114324   0.0303871
   0.0154447     -36.131    -53.8791    -24.8456    -11.2333    -25.1697    -126.682     215.814    -42.3508      159.59     -94.374    -124.403    -27.2793     7.67462     2.55558     1.53256     2.03621      1.2211    0.871962     99.7412    0.113965   0.0302775
   0.0161309    -39.0558    -58.8083    -26.1865    -12.1477    -26.5014    -136.654     232.869    -45.8064      173.21    -101.301     -133.73    -29.3616     8.36162     2.78379      1.6698      2.2186     1.33045    0.950041     99.7075    0.117894   0.0313017
   0.0168475    -42.1786    -64.1793    -27.5413     -13.118     -27.832    -147.622     251.463    -49.4726     188.254    -108.806    -143.962    -31.7411     9.10469     3.03078     1.81797     2.41483      1.4485     1.03432     99.6753    0.124867   0.0331329
    0.017596    -45.5718    -70.2157    -28.8972    -14.1503    -29.1584    -159.744     271.424    -53.3731     204.556    -116.794    -154.912    -34.3237     9.90721     3.29729     1.97747     2.62769     1.57558     1.12501     99.6415    0.132767   0.0352133
   0.0183777    -49.1106    -76.5331    -30.2572    -15.2295    -30.4753    -172.479      292.47    -57.4508     221.845    -125.134    -166.324    -36.9837     10.7567     3.57896     2.14574      2.8516     1.70966     1.22067     99.5975    0.138145   0.0366307
   0.0191942    -52.6403    -82.6898    -31.6137    -16.3301    -31.7741    -185.314     314.407    -61.6144     239.934    -133.715    -177.976    -39.6125     11.6337     3.86999     2.31935     3.08436     1.84798     1.31934     99.5407    0.138342   0.0366792
   0.0200469    -56.1819    -88.8262    -32.9601    -17.4374    -33.0484      -198.6     337.329    -65.8088     258.925    -142.569    -189.933    -42.2404     12.5309     4.16753     2.49921     3.32055     1.99129     1.42047     99.4708      0.1336   0.0354191
   0.0209375    -59.7911    -95.2143     -34.277    -18.5479    -34.2722    -213.014     361.697    -70.0104     279.289    -151.893    -202.579    -45.0518     13.4504     4.47256     2.68129     3.56469     2.13552     1.52449     99.3938    0.128527   0.0338816
   0.0218677     -63.404    -101.618    -35.5468    -19.6574     -35.427    -228.527     388.128    -74.2174     301.654    -161.956     -216.44     -48.301      14.401     4.78747     2.86981     3.81542     2.28657     1.63228     99.3186    0.126593   0.0335991
   0.0228392    -66.9336    -107.663    -36.7597    -20.7805    -36.4951    -244.683     416.956    -78.4718     326.365    -172.902    -231.799    -52.1262     15.3959     5.11792     3.06719      4.0778     2.44303     1.74483      99.249    0.133552   0.0351989
   0.0238539    -70.4475    -113.576    -37.9012    -21.9191    -37.4718    -261.602     447.901    -82.7945     353.149     -184.59    -248.388    -56.4006     16.4383     5.46298     3.27232     4.35126     2.60728      1.8618     99.1791    0.143876   0.0379864
   0.0249137     -74.045    -119.802    -38.9815    -23.0612    -38.3596    -279.635     480.214     -87.138     381.274    -196.672    -265.535     -60.804      17.506     5.81554     3.48393     4.63315     2.77588     1.98119     99.0951    0.150101   0.0398754
   0.0260205    -77.6325    -126.085    -39.9938    -24.1898    -39.1572    -298.356     513.448    -91.4352     410.301    -208.934    -282.833    -65.1433      18.584     6.17153     3.69817     4.91728     2.94491     2.10163     98.9872    0.148055   0.0393128
   0.0271765    -80.9982    -131.717    -40.9241    -25.2916    -39.8414    -317.141     548.131    -95.6316     440.768    -221.612    -300.748     -69.649      19.669     6.52993     3.91233     5.20284     3.11603      2.2236     98.8639    0.141778   0.0376731
   0.0283839    -84.0849    -136.556    -41.7489    -26.3542    -40.3896    -336.482     585.434    -99.6838     473.854    -235.239    -320.328    -74.8314     20.7682     6.89214     4.12802     5.49152     3.28996      2.3476     98.7432    0.142547   0.0378746
   0.0296449    -86.9875    -141.032    -42.4533    -27.3629    -40.7831    -357.305     625.785    -103.544     509.995    -250.011    -341.968    -80.8886     21.8775     7.25869     4.34663      5.7835     3.46326     2.47041     98.6309    0.153063   0.0410539
   0.0309619    -89.6937    -145.162    -43.0507    -28.3076    -41.0479    -379.179     668.079    -107.166     548.095    -265.427    -364.705    -87.3646     22.9726     7.61766     4.56086     6.06992     3.63395      2.5925      98.507    0.166619   0.0442247
   0.0323375    -92.1059    -148.525    -43.5528     -29.199    -41.1922     -400.79     711.081     -110.59      586.93    -280.927    -387.464    -93.7483     24.0451     7.96943     4.77001     6.34979     3.80059     2.71203     98.3502    0.166625   0.0442229
   0.0337741    -94.3893    -151.428    -43.9437    -30.0997     -41.202    -422.394     755.564    -114.059     627.279    -296.869    -410.954     -100.39      25.159     8.33494     4.98883     6.64229     3.97494     2.83455     98.1723    0.161001    0.042653
   0.0352746    -96.9056    -154.935    -44.1894    -31.0709    -41.0385    -445.889     803.447    -117.812     671.071    -314.134    -436.911    -108.135     26.3958     8.73932     5.22846     6.96312     4.16692     2.97097     98.0039    0.169068     0.04469
   0.0368417    -99.5971    -159.129    -44.2945    -32.0579    -40.7049    -471.697     854.343    -121.633     717.936    -332.555     -465.03    -116.849     27.7064     9.16801     5.48258     7.30478     4.36884     3.11531     97.8373    0.188809   0.0496067
   0.0384785    -101.875    -162.387     -44.283    -32.9445    -40.2402    -497.351     905.858    -125.072     765.494    -351.046    -493.217    -125.533     28.9589     9.57798     5.72774     7.63144     4.56368     3.25358     97.6316     0.19584   0.0511569
    0.040188    -103.378    -163.481    -44.1421    -33.7048    -39.6305    -521.555     958.501    -128.047     814.266    -369.846    -521.954    -134.429     30.1389     9.96128     5.95564     7.93751     4.74527     3.38246     97.3947    0.192287    0.050425
   0.0419734    -104.489    -163.562    -43.8225    -34.4008    -38.8188     -546.78      1015.1      -130.8     867.091     -390.25    -553.792    -144.779     31.3386     10.3489     6.18462     8.24571     4.92771     3.51099      97.172     0.20812   0.0549236
   0.0438381    -105.833     -164.65    -43.3304    -35.1028    -37.8181    -574.553     1074.17    -133.579     922.524    -411.588    -587.452    -155.984     32.5988     10.7589     6.42808     8.57238     5.12169     3.64982     96.9375    0.230875   0.0610853
   0.0457857      -107.6    -167.099    -42.6791    -35.8827    -36.6486    -603.423      1133.2    -136.664     978.077    -432.689    -620.687    -166.972     33.9584     11.1993     6.68912     8.92327     5.32968     3.79853     96.6481    0.233469   0.0617762
   0.0478198     -109.69     -170.21    -41.7859    -36.8085    -35.2089    -633.479     1195.64    -140.329     1037.26    -455.111    -656.554    -179.234     35.5393     11.7087     6.99039     9.32911     5.56973     3.96647     96.3598    0.246697   0.0654852
   0.0499443     -112.28    -174.635    -40.6087    -37.8925    -33.4485    -665.651     1261.74     -144.61     1100.38    -478.933    -695.259    -192.895     37.3589      12.297     7.33892      9.7979     5.84742     4.16449     96.0737    0.276567   0.0732294
   0.0521632     -115.71    -181.832    -39.1493    -39.1016    -31.3711    -700.291     1327.59    -149.376     1163.61    -502.326    -733.276    -206.275     39.3649     12.9443     7.72219     10.3136      6.1528     4.38224     95.7252    0.282427   0.0744506
   0.0544806    -119.805    -191.373    -37.2923       -40.4    -28.8308    -739.181     1397.51    -154.537     1231.35    -527.207    -774.475    -221.222     41.5785     13.6559     8.14175     10.8795     6.48709     4.61782     95.3838    0.306495   0.0800434
    0.056901    -123.926    -201.138    -34.9998    -41.7377    -25.7772    -779.235     1470.39     -159.85     1302.57    -553.033    -817.577    -237.298     43.9415     14.4172     8.59246     11.4865      6.8462     4.87334     95.0302    0.338822    0.088241
   0.0594289    -127.705    -210.108    -32.2616    -43.0409    -22.2007    -818.198     1543.53    -165.062     1374.62    -578.519    -860.404     -253.34     46.3546     15.1908     9.04988     12.1036     7.21067     5.13051     94.6217    0.347244   0.0913174
   0.0620692    -131.254    -219.064    -28.9671    -44.2535    -17.9617    -860.308     1622.16    -169.949     1452.79    -606.051    -907.568    -271.666     48.8286     15.9817     9.51481     12.7339      7.5811     5.39256     94.2476    0.390502    0.103029
   0.0648267    -134.516    -228.089    -25.1878    -45.3032    -13.1434    -903.427     1700.42    -174.221     1531.25    -632.955    -953.908    -289.819     51.2038     16.7413     9.96405     13.3389     7.93905     5.64743     93.8155    0.408655    0.108157
   0.0677067    -136.874    -234.999    -20.8561    -46.1704    -7.66527    -947.056      1783.3    -177.816     1614.96    -661.541    -1003.96    -310.021     53.5214     17.4747     10.3952     13.9233     8.28256     5.88869     93.4163    0.451326    0.118642
   0.0707147    -137.841    -238.024     -16.077     -46.819    -1.64811    -987.027     1866.83     -180.56     1699.94    -690.093    -1054.41    -330.708     55.6666     18.1567     10.7969     14.4667     8.60553      6.1172     92.9928    0.481205    0.126034
   0.0738564    -137.431    -237.552    -10.8774    -47.1817     4.86709    -1026.06     1953.89    -182.187     1788.96    -720.028    -1108.02    -353.209     57.6009     18.7663     11.1553     14.9524     8.88821     6.31706      92.616     0.52733    0.137037
   0.0771375    -135.542    -233.666     -5.4117    -47.1366     11.6997    -1064.08     2041.89    -182.199      1879.3     -750.32    -1162.77    -376.551     59.0931     19.2428     11.4386     15.3333     9.11335     6.47694     92.2537    0.564518    0.148791
   0.0805645    -131.556    -223.948    0.225015    -46.6816     18.7313    -1099.36     2133.97    -180.554     1973.92    -782.568    -1221.69    -402.161     60.1366     19.5793     11.6378     15.6003     9.27262     6.58903     91.9889    0.624542    0.164332
   0.0841437    -125.262     -206.96     5.81792    -45.9026     25.6978    -1127.35     2226.53    -177.532     2069.01    -815.298    -1281.81    -428.541     60.7372     19.7864     11.7672     15.7651     9.37558     6.66576     91.7861     0.66886    0.176195
    0.087882    -117.687    -185.797     11.2931    -44.9414     32.5052    -1153.91     2324.85    -173.686     2169.64    -851.083    -1348.06    -458.005     61.1135     19.9302     11.8595     15.8798     9.44928     6.72198     91.7548    0.742188    0.195544
   0.0917863    -110.537    -165.799     16.4855    -44.0075     38.9491    -1182.66      2424.3    -169.819     2271.05    -887.876     -1416.3    -488.475     61.4577     20.0849     11.9649      16.003     9.53209     6.78467     91.8399    0.800691    0.209885
   0.0958641    -104.651    -149.374     21.3885    -43.2875     45.0029    -1216.32     2526.77    -166.708      2375.2    -926.755    -1488.83    -521.156     62.0921     20.3424     12.1327     16.2082     9.66822     6.88668     92.0415    0.876645    0.233324
    0.100123    -99.8878    -136.473     25.9218    -42.7557     50.4954    -1250.99     2625.36    -164.507     2475.55    -965.198    -1561.54    -554.572     63.0869     20.6968     12.3505     16.4906     9.84051     7.01118     92.1156    0.971682    0.257353
    0.104571    -97.1441     -129.56     30.2251    -42.5993     55.6478    -1290.31     2723.04    -163.946     2574.91    -1003.84    -1634.95    -588.508     64.7233     21.2312      12.667     16.9164     10.0927     7.18844     92.2181      1.0486    0.276758
    0.109217    -98.2834    -132.963     34.8818    -43.2547     61.3827    -1349.46      2842.7    -166.293     2695.45    -1050.83     -1722.6    -628.046     67.5692     22.1863     13.2427     17.6773     10.5513     7.51724     93.0582     1.14852    0.304043
    0.114069    -102.137    -144.886     39.9668    -44.3221     67.6774    -1422.34     2971.74    -170.242     2825.58    -1101.45    -1817.12    -670.742     71.1996     23.3964     13.9681     18.6434     11.1294     7.93004     94.1369     1.27118    0.339616
    0.119137    -106.537    -158.942     45.5325    -45.4738     74.5478    -1498.11     3102.28    -174.626     2957.98    -1152.53    -1913.19    -714.598     75.1776     24.7034     14.7451     19.6829     11.7498     8.37138     95.1896     1.40404    0.374342
     0.12443    -109.342    -168.796     51.5612    -46.3562     81.9502    -1568.58     3230.74    -178.052     3089.25     -1202.7    -2008.54    -758.779     78.9187     25.9163     15.4644     20.6493     12.3215     8.77497     96.0899     1.53706    0.408351
    0.129958    -109.375    -171.274     57.9221    -46.6695     89.7152    -1631.39     3356.13    -179.268     3218.34    -1251.78    -2103.01    -803.315      81.856     26.8736     16.0312     21.4102     12.7732     9.09774     96.8459      1.6793    0.446569
    0.135731    -106.065    -164.292     64.3508    -46.3375     97.5142    -1683.74     3477.96    -177.906     3344.48    -1299.97    -2196.93    -848.376     83.7323     27.4977     16.4072     21.9093     13.0727     9.31053     97.4536     1.83445    0.488889
    0.141761     -99.126    -146.252     70.5145    -45.3814     104.931    -1722.51     3595.51    -173.973     3466.58    -1347.41    -2290.53    -894.036      84.451     27.7674     16.5772     22.1228     13.2069     9.40995     97.9364      2.0043    0.532627
    0.148059    -89.6772    -119.974     76.1262    -44.0401     111.604    -1749.32     3708.21    -168.417     3583.73    -1394.26       -2384     -940.31     84.3823     27.8101     16.6195     22.1567     13.2407     9.43951     98.3327     2.19157    0.583723
        0.15    -86.7666     -111.77      77.683    -43.6244     113.436    -1756.84     3741.92    -166.681      3618.7    -1408.61    -2412.79    -954.671     84.3264     27.8138     16.6275     22.1612     13.2483     9.44684     98.4475     2.25763    0.603232
    0.154637     -80.571     -94.543     81.0452    -42.7099     117.353    -1774.33     3815.99    -162.884     3695.64    -1440.63    -2477.45    -987.174     84.2833     27.8497     16.6602     22.1881     13.2743     9.46924     98.6398     2.39367    0.637844
    0.157895    -77.1679    -85.5447     83.1775    -42.1645     119.808    -1789.58     3866.17    -160.616     3747.71    -1462.76    -2522.34    -1009.87     84.4208     27.9236     16.7155     22.2503     13.3184     9.50362     98.7574     2.49809    0.667299
    0.161507    -74.4023    -79.0564     85.3703    -41.6504     122.308    -1809.73     3919.14    -158.525     3802.71    -1486.59    -2570.91    -1034.56     84.7688     28.0599     16.8007     22.3573     13.3863     9.55342     98.8689     2.61577    0.695918
    0.165789    -72.3847    -75.5681     87.8032    -41.1881     125.058    -1837.52     3979.13    -156.684     3865.05    -1513.62    -2626.28    -1062.88     85.4829     28.3093     16.9542      22.557     13.5086     9.64172     98.9757     2.75109    0.734228
    0.168682    -71.6083    -75.1308     89.3969    -40.9617     126.852    -1858.45     4019.56    -155.844     3907.08    -1532.09     -2664.2    -1082.33     86.1949     28.5387     17.0877     22.7387     13.6149     9.71737     99.0508     2.85587     0.76303
    0.173684    -70.9287    -76.4503     92.0519    -40.6954      129.82    -1894.52     4084.82    -154.987     3975.18    -1562.07     -2726.2    -1114.35     87.7008     29.0031     17.3589     23.1088      13.831      9.8688     99.1159     3.02316    0.805362
    0.176176     -70.728    -77.5152     93.3558    -40.5953     131.287    -1912.69     4116.97    -154.717     4008.79    -1576.89    -2756.83    -1130.24     88.5378      29.258      17.506     23.3119     13.9482     9.95067     99.1477       3.113    0.830999
    0.181579    -70.1759    -79.5753     96.1764    -40.3613     134.446    -1950.61     4184.12    -154.125     4079.19    -1607.95    -2821.43    -1163.88     90.3567     29.7959     17.8133     23.7404      14.193     10.1207     99.2071     3.30916    0.882976
    0.184003    -69.7771    -80.0864     97.4174    -40.2175     135.835    -1966.46     4212.44    -153.696     4109.01    -1621.08    -2848.93    -1178.31     91.0698     30.0062     17.9315      23.908     14.2873     10.1862     99.2137     3.38769    0.927291
    0.189474    -68.3048    -79.5722     100.176    -39.7695     138.924    -2000.95     4276.61    -152.182     4176.63    -1650.97    -2911.58    -1211.24      92.343     30.3807     18.1452     24.2075     14.4575     10.3036     99.2422      3.5958    0.960975
    0.192178    -67.2292    -78.2185       101.5    -39.4848     140.401    -2016.17     4306.99    -151.148     4208.73     -1665.3    -2941.74    -1227.15     92.7841     30.5136     18.2203     24.3123     14.5174     10.3447     99.2457     3.69764    0.984765
    0.197368    -64.5216     -73.293     103.903     -38.851     143.079    -2041.44     4363.52    -148.742     4268.51    -1691.91    -2997.97    -1257.06     93.3217     30.6833     18.3197     24.4475     14.5966     10.4011     99.2503     3.89573     1.03875
    0.200716    -62.3543    -68.5056     105.379    -38.3971     144.716    -2055.39     4399.89    -146.963     4306.93    -1709.27    -3034.67    -1276.47     93.5104     30.7527      18.363     24.5028      14.631     10.4263      99.275     4.03716     1.07792
    0.205263    -59.0328    -60.5098     107.207    -37.7353     146.721    -2070.34      4446.1    -144.316      4355.6    -1731.51    -3081.96    -1301.76     93.5551     30.7899     18.3908     24.5324     14.6532     10.4436     99.2692     4.21831     1.12429
    0.209633    -55.6542     -51.923      108.78    -37.0769     148.423    -2081.98        4540     -141.64     4399.85    -1752.07    -3126.07    -1325.45     93.4489     30.7879     18.3978     24.5308     14.6589     10.4507     99.2468     4.39264     1.17141
    0.213158    -52.9741    -45.0242     109.955    -36.5525      149.68    -2091.33     4521.53    -139.489     4435.62    -1769.07    -3162.12    -1344.79     93.3453     30.7855     18.4042     24.5289     14.6639     10.4569      99.256     4.54905     1.21293
    0.218946    -49.0038    -35.0692     111.658    -35.7271     151.465    -2107.02     4574.16    -136.104     4491.17    -1795.49    -3218.77    -1375.36     93.1953     30.7879     18.4182     24.5307      14.675     10.4676     99.2543     4.79787     1.28065
    0.221053    -47.7541    -32.1124     112.209    -35.4454     152.028    -2112.82     4591.55    -134.959     4509.58     -1804.6    -3238.41    -1386.03     93.1705     30.7955     18.4266     24.5369     14.6817     10.4737     99.2391     4.88392     1.30304
    0.228673    -44.2119    -24.7959     114.021    -34.5552      153.85    -2138.63     4654.64    -131.458     4576.17    -1837.49    -3309.31    -1424.52     93.4593     30.9148     18.5038     24.6319     14.7433     10.5204     99.2061     5.22235     1.39276
    0.228947    -44.1108    -24.6245     114.083    -34.5271     153.911    -2139.68     4656.89    -131.352     4578.55     -1838.8    -3312.12    -1426.03     93.4822      30.922     18.5081     24.6377     14.7467     10.5227     99.2061     5.23523     1.39691
    0.236842    -41.6987    -21.5272     115.748    -33.7819     155.547    -2172.05     4720.11    -128.659     4645.23    -1871.92    -3383.69       -1465     94.3543     31.1729     18.6495     24.8376     14.8593     10.5995     99.2023     5.60594     1.49625
    0.238833    -41.1795    -21.0771     116.135    -33.6056     155.923    -2180.35     4735.18    -128.049     4661.17    -1880.09    -3401.37    -1474.54     94.6075     31.2406     18.6862     24.8915     14.8886     10.6195     99.1949     5.69954     1.52117
    0.244737    -39.6366    -19.7094     117.229    -33.0867     156.974    -2204.47      4778.8    -126.266     4707.33    -1903.46    -3452.15    -1502.46     95.3405     31.4319     18.7887     25.0439     14.9702     10.6751     99.1705     5.98365     1.59579
    0.249443    -38.2744    -18.0988     118.046    -32.6558     157.749    -2222.39     4812.35    -124.748     4742.89    -1921.57    -3491.59    -1524.18     95.8183     31.5557     18.8549     25.1426      15.023      10.709     99.1563     6.21275      1.6576
    0.252632    -37.2539     -16.614     118.561    -32.3477     158.232    -2233.55     4834.44    -123.623     4766.16    -1933.49    -3517.63    -1538.47     96.0452     31.6161     18.8875     25.1907     15.0489     10.7264     99.1429      6.3684     1.69826
    0.260525    -34.4439    -11.6001     119.711    -31.5515     159.281    -2258.08     4887.24    -120.598     4822.36    -1962.52    -3581.09    -1573.51     96.3378     31.7062     18.9397     25.2625     15.0906      10.756     99.1135     6.77009     1.80618
    0.260526    -34.4435    -11.5993     119.711    -31.5514     159.281    -2258.08     4887.25    -120.597     4822.37    -1962.52     -3581.1    -1573.52     96.3378     31.7062     18.9397     25.2625     15.0906      10.756     99.1135     6.77015      1.8062
    0.268421    -31.4741    -5.49564     120.668    -30.7446     160.105    -2279.05     4937.95    -117.426     4876.14     -1990.7    -3642.85    -1607.61      96.399     31.7489     18.9702     25.2965     15.1149     10.7741     99.0981     7.18827     1.91798
    0.272099    -30.1292    -2.66035     121.036    -30.3737     160.396    -2287.86     4960.06    -115.955     4899.62    -2003.23     -3670.2    -1622.82     96.3868     31.7592     18.9794     25.3047     15.1222     10.7812      99.081      7.3803     1.96971
    0.276316    -28.6573    0.427002     121.415    -29.9617     160.681       -2298     4985.26    -114.324     4926.34    -2017.56    -3701.92    -1640.42     96.3904     31.7763     18.9932     25.3183     15.1332     10.7898     99.0723      7.6136      2.0316
    0.284188    -26.1446     5.46895     121.977    -29.2238     161.039     -2316.5     5029.41    -111.437     4973.18    -2043.12    -3758.36    -1671.89       96.44     31.8118     19.0189     25.3466     15.1537     10.8047       99.04     8.04717     2.14737
    0.284211    -26.1378     5.48198     121.978    -29.2217      161.04    -2316.55     5029.53    -111.429     4973.31    -2043.19    -3758.52    -1671.98     96.4403     31.8119      19.019     25.3467     15.1537     10.8047     99.0399     8.04842     2.14771
    0.292105    -23.8874     9.62479     122.401    -28.5199     161.236    -2335.88     5072.18    -108.726     5018.51     -2068.2     -3813.8    -1702.84     96.5572     31.8569     19.0475     25.3826     15.1765     10.8228     99.0206      8.5005      2.2684
    0.296814    -22.6395     11.7865     122.583    -28.1145     161.272    -2347.28     5096.16     -107.18     5043.95    -2082.57    -3845.65    -1720.67     96.6317     31.8809     19.0619     25.4017     15.1879     10.8308     99.0024     8.77403     2.34164
         0.3    -21.8211     13.1705     122.692    -27.8466     161.282    -2355.25     5112.61    -106.164     5061.37    -2092.27    -3867.28    -1732.76     96.6948     31.8997     19.0727     25.4167     15.1965     10.8369     99.0011     8.96651     2.39265
        0.31    -19.3535     17.2651     122.895    -27.0246     161.151     -2378.9     5160.69    -103.054     5112.36    -2121.38    -3931.85    -1769.04     96.8524     31.9422      19.096     25.4505     15.2151     10.8495     98.9716     9.56742      2.5536
        0.01    -43.8063    -45.8952    -26.3038    -9.15545    -26.5658     -28.917     23.7783  -0.0277592     25.3181    -3.37668     -6.6071    -3.20495     0.10789     1.95441     1.66565     1.55721     1.32568      1.1045  -0.0210941   0.0752568   0.0255083
   0.0104443    -48.4107    -51.7763    -28.1438    -10.0921    -28.4193    -31.5392     25.6477  -0.0256954     27.4197    -3.57697    -6.97912    -3.38804    0.113512     2.16393     1.84471     1.72416     1.46981     1.22328  -0.0271157   0.0796132   0.0271474
   0.0109083     -53.272    -57.8261    -30.0693    -11.1068    -30.3541    -34.1728     27.6694  -0.0229499     29.7028    -3.76403      -7.376    -3.58385    0.119418     2.39279     2.04029      1.9065     1.62422     1.35287  -0.0338325   0.0842892   0.0289196
   0.0113929    -58.4981    -64.3335     -32.078    -12.2037    -32.3725    -36.9102     29.7798  -0.0189193     32.1076    -3.94135    -7.73073    -3.76018    0.124463      2.6409     2.25403     2.10566     1.79594     1.49406  -0.0426051   0.0885348   0.0306319
    0.011899    -64.2803    -71.8471    -34.1732    -13.3876    -34.4659      -39.97     31.8958  -0.0119167     34.5621    -4.05752    -7.96821    -3.88094    0.126955      2.9127     2.48507     2.32075     1.98002     1.64735  -0.0545792   0.0915053   0.0320548
   0.0124277    -70.5756    -80.2332    -36.3472    -14.6577    -36.6309    -43.2434     33.9664  -0.0038247     37.0104    -4.07939    -8.02413    -3.91528    0.127875     3.20546     2.73543     2.55356      2.1795     1.81352  -0.0722555   0.0924734   0.0330209
   0.0129798    -77.1943    -88.8908    -38.5903     -16.023     -38.858    -46.4237     35.9596  0.00948941     39.4345    -3.99138    -7.86856     -3.8489    0.122887     3.52357     3.00782     2.80755     2.39653     1.99338  -0.0949725   0.0910941   0.0334101
   0.0135564     -84.163     -97.903    -40.9009    -17.4802    -41.1418    -49.5581     37.9233   0.0258949     41.8803     -3.8066    -7.52723    -3.69443    0.115365     3.86439     3.30095     3.07974     2.63009     2.18908   -0.122985   0.0876484   0.0332993
   0.0141587    -91.7267    -107.984    -43.2664    -19.0335    -43.4662      -53.03     39.9708   0.0451621     44.4673    -3.57123    -7.09042    -3.49557    0.105899     4.23252     3.61715     3.37301     2.88203     2.39913   -0.154659   0.0831449     0.03295
   0.0147878    -99.8997    -119.182    -45.6729    -20.6817    -45.8135    -56.9472     42.2689   0.0666135     47.3727    -3.35673    -6.69761    -3.31985   0.0967586     4.62826     3.95678     3.68719     3.15264     2.62472   -0.187521    0.079157   0.0327784
   0.0154447    -108.393    -130.719    -48.1061    -22.4151     -48.165    -61.0236     44.9948   0.0901779      50.774    -3.23689    -6.49291    -3.23708    0.089723     5.05354     4.32208      4.0265      3.4437      2.8673   -0.219264   0.0771127   0.0331721
   0.0161309    -117.151    -142.375    -50.5494    -24.2412    -50.5019    -65.1883     48.2534    0.115065     54.7841    -3.25338    -6.55811    -3.28711   0.0877651     5.50714     4.71078     4.38791      3.7534     3.12533   -0.247869   0.0786106   0.0345778
   0.0168475    -126.511    -155.073    -52.9905    -26.1724    -52.8064    -69.8085     52.0082    0.142576     59.3743     -3.3834    -6.84965     -3.4494   0.0884364     5.99589     5.12999     4.77798     4.08742     3.40352   -0.274916   0.0825718   0.0367434
    0.017596    -136.684    -169.343     -55.412    -28.2281    -55.0576    -74.9933     56.0631      0.1751     64.3516    -3.52716    -7.17413    -3.63125   0.0886013     6.52535     5.58268     5.19921     4.44605     3.70217   -0.303558   0.0871495   0.0392167
   0.0183777    -147.282     -184.24    -57.7963    -30.3763      -57.23    -80.2217     60.1258    0.215574     69.4335    -3.55488    -7.27997    -3.71187   0.0840781     7.08375     6.06118     5.64411     4.82936     4.02143   -0.341208   0.0893518   0.0413528
   0.0191942    -157.844      -198.7      -60.13     -32.567    -59.3129    -84.9808     63.9787    0.263885     74.4081    -3.35183    -6.94481    -3.58461   0.0717067     7.66544     6.55951     6.10816     5.22642     4.35226   -0.388993   0.0868692   0.0421734
   0.0200469    -168.422    -213.078    -62.3873    -34.7766    -61.2737    -89.5069      67.655    0.322565     79.3142    -2.92999    -6.19293    -3.26164   0.0511317     8.26231     7.07361     6.58316     5.63471     4.69258   -0.448356   0.0798937   0.0420768
   0.0209375    -179.212    -228.055    -64.5438    -36.9839    -63.0747    -94.3342     71.5006    0.388308     84.5032    -2.44151    -5.32136    -2.88683   0.0274399     8.87397     7.59873     7.07144      6.0537     5.04189   -0.513683   0.0717689   0.0418069
   0.0218677    -190.008     -243.06    -66.5658      -39.19    -64.6875    -99.3929     75.9954    0.460642     90.4598     -2.1007     -4.7486    -2.66289  0.00676598     9.50368     8.13771     7.57105     6.48345     5.40212   -0.577336   0.0672746   0.0426477
   0.0228392    -200.534    -257.145    -68.4308    -41.4153    -66.0766    -104.295     81.3787    0.536407     97.4273    -2.01324    -4.68212    -2.69099 -0.00561617     10.1569     8.69834     8.09271     6.93168     5.77343   -0.636017   0.0694932   0.0453343
   0.0238539    -210.995    -270.858    -70.1198    -43.6729    -67.2205    -109.105     87.3517    0.621246     105.111    -2.04046     -4.8543     -2.8434  -0.0151436     10.8369     9.28187      8.6345      7.3973     6.16113   -0.694889   0.0738134   0.0492201
   0.0249137      -221.7    -285.294    -71.6165    -45.9394     -68.107    -114.064     93.2252    0.719702     112.827    -1.86579    -4.65089    -2.82516  -0.0353395     11.5397     9.88375     9.19402     7.87348     6.55767    -0.76558   0.0751926   0.0525968
   0.0260205    -232.367     -299.84     -72.913    -48.1757    -68.7186    -118.747      98.565    0.835957     120.143    -1.28906    -3.68411    -2.45019  -0.0695448       12.25     10.4933     9.76179     8.36071      6.9636   -0.856562   0.0685957   0.0540662
   0.0271765     -242.34    -312.742    -73.9731     -50.356    -69.0244    -122.575     103.777    0.966767     127.467   -0.495215    -2.31575      -1.894   -0.112353     12.9666     11.1112     10.3326     8.85205     7.37314   -0.960487   0.0579449   0.0546648
   0.0283839    -251.445    -323.689    -74.7765    -52.4501     -68.996    -125.926     109.815     1.10665     135.751    0.078506     -1.3991    -1.56972   -0.149861     13.6861     11.7299     10.9046       9.346      7.7847    -1.06193   0.0528545   0.0568205
   0.0296449    -259.993    -333.776    -75.3046    -54.4359    -68.6085    -129.528     116.992     1.25427     145.309    0.283741    -1.22671    -1.62073   -0.177416     14.4054     12.3454     11.4778      9.8355     8.19364    -1.15598   0.0560714    0.061606
   0.0309619    -267.938    -343.032    -75.5566    -56.2879    -67.8816    -132.964     124.313     1.41689     155.145    0.568745    -0.92976    -1.63041   -0.209621     15.1116     12.9505     12.0404     10.3185      8.5942    -1.25945   0.0603366   0.0666282
   0.0323375    -274.966    -350.378    -75.5383    -58.0323    -66.8156    -135.128     130.682     1.60289     164.164     1.42956    0.454458    -1.13599   -0.262763     15.8091     13.5497     12.5962     10.7972     8.99125    -1.39066   0.0529616   0.0691241
   0.0337741    -281.567    -356.494    -75.2299    -59.7928     -65.397    -136.325      136.71     1.81249     172.975     2.58122     2.36908   -0.407261    -0.32855     16.5334     14.1741     13.1744     11.2935     9.40582    -1.53931   0.0400585   0.0702401
   0.0352746    -288.859    -363.953    -74.6021    -61.6891    -63.5904    -138.237     143.972     2.04168     183.152     3.29572     3.39288   -0.132579   -0.384832      17.328     14.8559     13.8064     11.8358     9.85816     -1.6793   0.0381167   0.0743988
   0.0368417    -296.685    -373.036    -73.6496     -63.607    -61.3954    -141.078      152.08     2.29276     194.304     3.73823     3.84135   -0.163769   -0.436918     18.1621     15.5699     14.4698     12.4056     10.3321    -1.81726   0.0452392   0.0814552
   0.0384785    -303.232     -379.84    -72.3876    -65.3187    -58.8413     -142.56     158.956     2.57204     204.357     4.84852     5.53968    0.377318   -0.513685     18.9627     16.2586     15.1089     12.9554     10.7891    -1.98764   0.0401119   0.0863914
    0.040188    -307.391    -381.368    -70.7982    -66.7785    -55.9134    -141.553     164.985     2.87378     213.693     6.44411     8.13095     1.31734   -0.608446     19.7205       16.91     15.7111     13.4734      11.221    -2.18348   0.0264211   0.0897634
   0.0419734    -310.343    -380.427    -68.8269    -68.1043      -52.56    -140.204      172.48      3.1885      224.62     7.45652     9.52958     1.64637   -0.687923     20.4718     17.5576     16.3111     13.9894     11.6495    -2.36636   0.0274006   0.0978148
   0.0438381    -314.003    -381.892    -66.4805    -69.4301    -48.7761    -139.831      180.12      3.5328     235.821      8.4747     10.8741     1.90854    -0.77333     21.2589     18.2326     16.9384     14.5283     12.0982    -2.55825   0.0330268    0.108102
   0.0457857    -318.927    -386.468    -63.7164    -70.9044    -44.5432    -139.313      185.73     3.93486     245.129     10.4936     14.1004       3.037   -0.899472     22.1166     18.9729     17.6222     15.1163     12.5893    -2.79473   0.0203812    0.114283
   0.0478198    -324.785    -392.372    -60.4339    -72.6612    -39.7277     -138.79     192.118     4.38545     255.355       12.23      16.708     3.82349    -1.02836     23.1059     19.8224     18.4101     15.7923     13.1504    -3.02875   0.0147447    0.122489
   0.0499443    -332.113    -401.172    -56.5476    -74.7122    -34.2258    -138.959     199.375     4.89703     266.598     13.6326     18.5873     4.20865    -1.16664      24.235     20.7931     19.3097     16.5673     13.7947    -3.25929   0.0241429    0.134276
   0.0521632    -341.968    -416.401    -51.9881    -76.9973    -27.9562    -139.939     204.203     5.49807     275.573     16.2188     22.6948     5.61992    -1.34993     25.4855     21.8703      20.306     17.4255     14.5101     -3.5396  0.00941732    0.141203
   0.0544806    -353.845    -437.071    -46.5918    -79.4576    -20.7055     -143.02     210.081     6.15355     285.759     18.4046     25.9473     6.56978    -1.54356     26.8539     23.0463     21.3964     18.3626     15.2869    -3.81154  0.00888637    0.151589
    0.056901    -365.726    -457.972    -40.2573    -81.9666    -12.3537    -145.511     216.023     6.88425     296.167     20.6279     29.1907     7.46172    -1.75768     28.3088     24.2967     22.5534       19.36     16.1178    -4.09087   0.0132344    0.165816
   0.0594289    -376.505    -476.614    -32.9211    -84.4011    -2.81127    -145.431     219.814     7.68691     304.575     23.9151      34.439     9.27664    -2.02392     29.7936     25.5794     23.7386     20.3809     16.9676    -4.41155 -0.00375599    0.177232
   0.0620692    -386.568    -495.049    -24.4566    -86.6352     8.07559    -146.051      225.69     8.52344     315.188     26.3068     37.8778     10.1744    -2.27665      31.294     26.8688     24.9328     21.4082     17.8214    -4.70063  0.00526455    0.195852
   0.0648267    -395.729    -513.504    -14.9037    -88.5395     20.2568    -145.524     228.997     9.40186     323.323     29.9246     43.6574     12.1696    -2.58035     32.7315      28.114     26.0815     22.4004     18.6484    -5.03175 -0.00818575    0.211565
   0.0677067    -402.116    -526.687     -4.2368    -90.0745     33.7749    -143.515     233.831     10.2688     333.026     32.8803     48.1261     13.5149    -2.86843     34.1117     29.3011     27.1791     23.3462     19.4328    -5.33145 -0.00443465    0.227569
   0.0707147    -404.198     -530.31     7.38844     -91.171     48.4344    -136.875      237.23     11.1355     341.279     36.4978     53.8875     15.4837    -3.18789      35.381      30.404     28.1905     24.2249     20.1654    -5.64424  -0.0147623      0.2463
   0.0738564    -402.089    -525.565     19.8401    -91.7068     64.0792    -127.845     241.735     11.8974     350.558     39.6209     58.7461     17.0518    -3.46175      36.515      31.381      29.094     25.0034     20.8134    -5.91375  -0.0130628    0.266443
   0.0771375    -395.531    -512.878     32.8303    -91.4604     80.3561     -116.45     245.636     12.5063     359.087     43.0167     64.2456     18.9961    -3.71203     37.3893     32.1432     29.7907     25.6107     21.3228    -6.16438  -0.0225676    0.291882
   0.0805645     -382.66    -486.585     46.1044    -90.4374     96.9603    -101.735     251.769     12.8451     369.641     45.4324     68.0298     20.2323    -3.86286     37.9922     32.6709     30.2731     26.0312     21.6725    -6.33289  -0.0176581    0.318983
   0.0841437    -362.776    -443.228     59.2964    -88.8203     113.441    -80.9058     257.805     12.8818     379.847      47.993     72.3749     21.9131     -3.9421     38.3667     33.0042     30.5709     26.2967     21.9012    -6.44796  -0.0284607    0.347367
    0.087882    -339.104    -390.433     72.1554    -86.8948     129.484     -59.054     267.986     12.5758     393.917     48.7974     73.6348     22.3144    -3.87636     38.6322     33.2384     30.7796     26.4841     22.0621    -6.43143  -0.0213853    0.380847
   0.0917863    -316.836    -340.876     84.4721    -85.0856     144.837    -39.3994     279.016      11.978     408.576     49.4536     75.0017     23.0153    -3.72576     38.9489     33.5236     31.0332     26.7105     22.2582    -6.33205  -0.0332976    0.412297
   0.0958641    -298.499    -300.164     96.0952    -83.7095     159.265    -24.1885     291.746     11.2633     424.676     49.2704     74.9459     23.1618    -3.52192     39.4692     33.9816     31.4478     27.0755     22.5736    -6.15943  -0.0292974     0.45868
    0.100123     -283.59    -267.924     106.669    -82.6432     172.146    -10.5167     299.609     10.8502     435.545     50.1285     76.5113     23.8351    -3.42435     40.1407     34.5603     31.9829     27.5366     22.9613    -6.09411  -0.0216134    0.504676
    0.104571    -274.937    -249.908     116.711    -82.3369     184.271    -1.21054     306.105     10.5663     444.786     51.4014     79.0332     25.0596    -3.39878     41.1902     35.4462      32.818     28.2424     23.5444    -6.00953  -0.0313378    0.546237
    0.109217    -278.261     -256.16     128.011     -83.813     198.375    -6.66677     331.007     9.63763     472.641     47.2727     72.8405     23.2029    -3.13607     43.1504     37.1015     34.3799     29.5592     24.6345    -5.40183  -0.0322766     0.60188
    0.114069    -289.768    -281.921     140.302    -86.1081     213.807     -20.965     362.515     8.71961     507.137     41.0209     63.0854     19.9816    -2.88182     45.6039     39.1701     36.3358     31.2109     26.0019    -4.62085  -0.0203525     0.67013
    0.119137    -302.767    -311.917     153.551     -88.523     230.371    -35.6835      393.66     8.05831     541.189     34.7889     53.3634     16.7705    -2.74505     48.2209     41.3819     38.4241     32.9718     27.4573    -3.85111 -0.00878396    0.739933
     0.12443    -310.842    -331.533     167.625    -90.3624      247.85    -44.8955     421.488     7.56536     571.746     29.4509     45.1374     14.1281    -2.70171     50.6426     43.4223     40.3477     34.5934     28.7968    -3.17922 -0.00638443    0.810138
    0.129958    -310.563    -334.022     182.198    -91.0852     265.816    -46.9819     445.486     6.96437      598.22     25.0643     38.4603     12.0458    -2.61129     52.5504     45.0252     41.8705     35.8746     29.8502    -2.60392  -0.0040335    0.889085
    0.135731    -300.313    -314.965     196.692    -90.5778     283.545    -41.0517     465.735     6.06803     620.599      21.487     33.0779     10.4186    -2.37951     53.8302     46.0882     42.8902     36.7217     30.5496    -2.12616 -0.00137931    0.975255
    0.141761    -279.332    -271.296     210.432    -88.9095     300.201    -26.8115     482.455     4.72789     639.046     18.5961     28.7967     9.18225    -1.91974     54.4664     46.5974     43.3972     37.1274      30.877    -1.73668  0.00187642     1.06437
    0.148059    -251.005    -209.848     222.855    -86.5439     315.073    -7.19712     496.099      3.0536      654.04     16.2833     25.4431      8.2806    -1.24726     54.6894     46.7517     43.5748     37.2503     30.9777    -1.41463  0.00467584       1.165
        0.15    -242.305    -190.876      226.26    -85.8022     319.106    -1.43769     499.975     2.54285     658.246     15.5249     24.2767     7.91177    -1.02645     54.7345     46.7802     43.6108      37.273     30.9963    -1.32287   0.0124639     1.19858
    0.154637    -223.785    -151.028     233.708    -84.1778     327.849      11.016     506.991     1.48149     665.947     14.4723     22.8917     7.66084   -0.573346     54.9071     46.9064     43.7482     37.3735     31.0772    -1.15379  0.00993956     1.27234
    0.157895    -213.583    -130.099     238.404    -83.1898     333.296     17.4259     511.277    0.895185     670.624     13.7523     21.8993     7.43953   -0.317956     55.1038     47.0652      43.905     37.5001     31.1847    -1.04962   0.0121971     1.32716
    0.161507    -205.264    -114.631     243.227    -82.2534      338.84     22.1838     515.357    0.423536     675.194     13.1177     21.0591     7.25435   -0.116694     55.4141     47.3191     44.1522     37.7004     31.3504   -0.949065   0.0143776     1.38798
    0.165789    -199.061    -105.431     248.591    -81.3766     344.959     25.6397     519.196    0.147758     679.281     12.6907     20.6342     7.33187    -0.01748     55.9264     47.7517     44.5604     38.0471     31.6383   -0.848488   0.0137642     1.46413
    0.168682    -196.581    -103.335     252.031    -80.9173     348.852     26.6983     521.961    0.158651     682.114     12.2028     19.9208     7.13446   -0.051085     56.3575     48.1182     44.9039     38.3391     31.8799   -0.787559   0.0192599     1.51683
    0.173684    -194.167    -103.917     257.795     -80.326     355.355     28.4492     524.717    0.496623     685.279      11.921     19.7232     7.25485   -0.295673     57.2205     48.8553     45.5919     38.9264     32.3655   -0.707898   0.0162809     1.60486
    0.176176    -193.341    -104.989     260.571    -80.0704     358.476     29.2714      525.91    0.772033     686.526     11.7524     19.5455     7.26083   -0.479712     57.6715     49.2464     45.9508      39.238     32.6245   -0.671286   0.0198505     1.65252
    0.181579    -191.227    -106.658     266.541    -79.4844     365.186     31.6324     527.803     1.44685     688.506      11.551     19.4365     7.37843   -0.934362     58.6296     50.0704      46.715     39.8945     33.1638   -0.608208   0.0226972     1.75549
    0.184003    -189.842    -106.509     269.166    -79.1545     368.132     33.2158     528.041      1.7178     688.729     11.6344      19.711     7.57794    -1.12581     59.0085     50.3959     47.0162     40.1539     33.3784   -0.589694   0.0203276     1.80477
    0.189474    -185.131    -102.749     274.866    -78.2062     374.509     37.5372     528.658     2.09308     689.199     11.5663     19.8048     7.75823    -1.42314     59.6827      50.971     47.5533     40.6121     33.7535   -0.544801   0.0235532     1.91063
    0.192178    -181.846    -98.6571     277.585    -77.6386     377.535     40.2498     528.721     2.14798      689.13     11.5471     19.9161     7.87507    -1.49406     59.9289     51.1777     47.7495     40.7768     33.8868   -0.527202   0.0242608     1.96285
    0.197368    -173.728    -86.1776     282.461    -76.4172     382.948     46.5609     528.086     2.03945     688.157     11.6901      20.335     8.18919    -1.49488     60.2766     51.4668     48.0264     41.0072     34.0762    -0.50184   0.0253799     2.06937
    0.200716    -167.334    -75.0269      285.41     -75.562     386.196     50.9058     527.807     1.82981     687.606     11.6414     20.3551     8.27052    -1.40052     60.4314     51.5916     48.1498     41.1065     34.1572   -0.482574   0.0285337     2.14325
    0.205263    -157.634    -57.4885     289.064    -74.3399     390.171     57.0742     526.789      1.4112     686.151     11.7653     20.7439     8.55162    -1.18205     60.5626     51.6919     48.2545     41.1865     34.2225   -0.466769    0.029703      2.2393
    0.209633    -147.833     -38.382     292.199    -73.1396     393.527     62.7534     525.456    0.907178     684.347     11.9244      21.189     8.85354   -0.893239     60.6353     51.7419     48.3123     41.2264     34.2554   -0.457169   0.0302269     2.33336
    0.213158    -140.098     -23.585     294.497    -72.1839     395.948     66.7679     524.546    0.469424     683.039     11.9597     21.3362      8.9938    -0.62766     60.6849     51.7744     48.3519     41.2522     34.2773   -0.446444   0.0326967      2.4118
    0.218946    -128.675    -2.28305     297.849    -70.6776     399.404     72.4018      522.77   -0.192125     680.585     12.0888     21.7757     9.31233   -0.211761     60.7859     51.8468     48.4323     41.3099     34.3264   -0.434138   0.0354688     2.54641
    0.221053    -124.993     4.13926     298.941    -70.1575     400.504     74.2005     522.008   -0.382776     679.565     12.1635     21.9756      9.4449  -0.0900623     60.8341     51.8843     48.4707     41.3398     34.3516   -0.431369   0.0359581     2.59519
    0.228673    -114.508       20.97     302.456    -68.4513     403.952     79.9079     519.216   -0.666518       675.8     12.3551     22.5295     9.83142   0.0816224     61.1088     52.1134     48.6896     41.5224     34.5042    -0.42054   0.0394475     2.77276
    0.228947    -114.199     21.4076     302.573    -68.3948     404.064     80.1036     519.113   -0.663105     675.661     12.3605     22.5462     9.84345    0.078558     61.1219     52.1246        48.7     41.5312     34.5112   -0.420151   0.0395975     2.77935
    0.236842    -106.662     30.8443     305.705    -66.8542     407.031     86.0245     515.874   -0.285923     671.331     12.5411      23.047      10.189   -0.222565     61.5436     52.4913      49.036     41.8236     34.7526    -0.41122   0.0434844     2.97581
    0.238833     -104.99     32.6851     306.418    -66.4794      407.69     87.6292      514.97   -0.131096     670.128     12.5829     23.1779     10.2759   -0.344456     61.6509     52.5854     49.1213     41.8984     34.8141   -0.409208   0.0444428     3.02546
    0.244737    -99.9837     38.2656      308.38    -65.3731     409.463     92.5949     512.125    0.344515     666.342     12.6826     23.4772     10.4966     -0.7284     61.9447     52.8439     49.3556     42.1043     34.9823    -0.40311   0.0481371     3.17347
    0.249443     -95.754     43.5764     309.796    -64.4752     410.708     96.6253     509.658    0.631955     663.069      12.762     23.7123     10.6501   -0.973055     62.1387     53.0129     49.5102     42.2391     35.0921   -0.398883   0.0508901     3.29639
    0.252632    -92.6296     47.7711     310.676    -63.8534     411.459     99.2328     507.952    0.732162     660.791     12.7777     23.7969     10.7248    -1.06801      62.244     53.1029     49.5941     42.3107     35.1502   -0.395309   0.0535019      3.3821
    0.260525     -84.299     59.8926     312.519    -62.2964     412.921     104.743     508.627     0.68879     654.813     12.8468      24.063     10.9367    -1.07394     62.4277     53.2535     49.7404     42.4308     35.2474   -0.387157   0.0588729     3.59404
    0.260526    -84.2978     59.8945     312.519    -62.2962     412.921     104.743     508.627     0.68876     661.428     12.8468     24.0631     10.9368    -1.07392     62.4277     53.2535     49.7405     42.4308     35.2474   -0.387157   0.0588731     3.59407
    0.268421    -75.7557     72.9589     313.929    -60.7613     413.874     108.644     498.648    0.386076     648.439      12.966     24.4252      11.196   -0.863279     62.5611     53.3563     49.8467     42.5126     35.3142   -0.382629   0.0632183     3.81393
    0.272099    -71.9185     78.8111     314.448    -60.0631     414.156      109.88     496.596    0.217465     645.656     12.9184     24.3938     11.2211   -0.734555     62.6175     53.3987     49.8917     42.5464     35.3419   -0.376876   0.0677209     3.91974
    0.276316    -67.7342     85.1001     314.923    -59.2802     414.337     111.171     493.996    0.045403     642.214     12.9636     24.5483     11.3399   -0.604532      62.678     53.4451     49.9399     42.5834     35.3724   -0.374586   0.0695404     4.04021
    0.284188     -60.521     95.5652     315.553    -57.8654     414.374     113.225     489.602   -0.166204     636.247     12.8268     24.4043      11.352   -0.441215     62.7923     53.5354      50.031     42.6554     35.4319   -0.362554   0.0779897     4.27247
    0.284211    -60.4997     95.5929     315.555    -57.8614     414.374     113.231      489.59   -0.166618     636.231     12.8263     24.4035     11.3519   -0.440901     62.7927     53.5357     50.0312     42.6556     35.4321   -0.362513   0.0780236     4.27315
    0.292105    -53.9442     104.688     315.878    -56.4922     414.054     115.839     484.909     -0.2492     629.974     12.7908     24.4483     11.4497   -0.386158     62.8955     53.6202     50.1132     42.7229     35.4877   -0.356064   0.0846539     4.51325
    0.296814    -50.2596     109.684      315.93    -55.6949       413.7     117.587     482.224   -0.256365     626.338     12.6932     24.3227      11.432   -0.386806     62.9459     53.6623     50.1534     42.7564     35.5151   -0.346869   0.0899274     4.65837
         0.3    -47.8338     112.954     315.913    -55.1633     413.401     118.968     480.158   -0.245752     623.629     12.7711     24.5148     11.5516   -0.404314     62.9759     53.6879     50.1773     42.7768     35.5319   -0.347802      0.0904      4.7578
        0.31    -40.4934     122.826      315.62    -53.5359     412.193     123.015     474.389    -0.19985     615.814     12.4831     24.0785     11.4234   -0.463483     63.0548     53.7542     50.2401     42.8297     35.5746   -0.332302    0.103693     5.08037
        0.01     -20.827    -12.0587     0.58558  0.00412731    0.793952   0.0200136     0.68114 -0.00543438    0.679656   -0.317549   -0.614251   -0.296092   0.0105295  0.00281316    0.659009  0.00224144    0.525078    0.715145   0.0119603  0.00692206  0.00190428
   0.0104443    -22.7721    -13.3856    0.675044  0.00552591    0.917715   0.0411698    0.760804 -0.00612048     0.75295   -0.350373   -0.681608   -0.328551   0.0117112  0.00281859    0.729971  0.00224576    0.581618     0.79221   0.0133109  0.00767758  0.00210676
   0.0109083    -25.7354    -14.7224    0.780345  0.00745001     1.06105    0.068994    0.839847 -0.00671448    0.837572   -0.390425   -0.759521   -0.366119   0.0130051  0.00269378    0.807384  0.00214632    0.643298    0.875384    0.014781  0.00855482  0.00234439
   0.0113929      -28.27    -16.1383    0.896864  0.00995672     1.22023    0.107306    0.920486 -0.00706979    0.917667   -0.428692      -0.834   -0.402014   0.0141639  0.00236069    0.891789  0.00188092     0.71055    0.968214   0.0160904  0.00939687   0.0025754
    0.011899      -31.26    -17.7728     1.03417    0.013036      1.4053    0.170268    0.977815 -0.00706765    0.974389   -0.456651   -0.888378   -0.428243   0.0149142  0.00176105     0.98355  0.00140315    0.783662     1.06808   0.0169315   0.0100161  0.00274876
   0.0124277    -34.2849    -19.5937     1.18585   0.0166003     1.61368    0.265875    0.994633 -0.00666734    0.990483   -0.466448   -0.907437   -0.437438   0.0150303 0.000879678      1.0832   0.0007009    0.863063     1.17674   0.0170543   0.0102036  0.00280645
   0.0129798    -37.2982    -21.4347     1.35963   0.0204959     1.85164    0.398845    0.961148 -0.00595028    0.956172   -0.453689   -0.882585   -0.425464   0.0144243 -0.000237289     1.19127 -0.000189065    0.949169     1.29445   0.0163676  0.00996805  0.00274694
   0.0135564    -40.8419    -23.3158     1.55643   0.0245573     2.12026    0.572949    0.881138 -0.00513459    0.875186   -0.420122    -0.81726   -0.393958   0.0132233 -0.00148421     1.30835 -0.00118257     1.04245     1.42174    0.015025  0.00923773  0.00254671
   0.0141587    -44.3814    -25.4191     1.77932   0.0287013     2.42445    0.781282    0.774866 -0.00453549    0.767724   -0.375087   -0.729589   -0.351661    0.011792 -0.00272741     1.43494 -0.00217312     1.14331     1.55964   0.0134469    0.008249  0.00226466
   0.0147878    -48.3831    -27.7566     2.03306   0.0330388     2.77047     1.00743    0.677513 -0.00445927    0.669199   -0.334159    -0.64989   -0.313188   0.0106595 -0.00386828     1.57119 -0.00308212     1.25188     1.70897   0.0122345  0.00734162  0.00198947
   0.0154447    -52.5071    -30.1293     2.31758   0.0379606     3.15838     1.23578    0.622699 -0.00505011    0.612153   -0.314414   -0.611361   -0.293601   0.0103358 -0.00492262      1.7168 -0.00392219      1.3679     1.86886   0.0119578  0.00688295  0.00182112
   0.0161309     -56.723    -32.4661     2.64138   0.0469778     3.59759     1.46351    0.637725 -0.00615224    0.624741   -0.326948   -0.635608   -0.307837   0.0110571 -0.00608127     1.87193 -0.00484536      1.4915     2.03452   0.0128683  0.00714491  0.00183878
   0.0168475    -61.2797    -34.9915     3.00263   0.0552802     4.09082     1.69337    0.715005 -0.00728483     0.70839   -0.368896   -0.717108   -0.345338   0.0125725  -0.0101088     2.03807 -0.00613207     1.62387     2.21658    0.014662  0.00804811  0.00203134
    0.017596    -66.1684    -37.8285     3.40836   0.0632705     4.64224     1.94812    0.811098 -0.00781534    0.791382   -0.420742   -0.817859   -0.393843   0.0141282  -0.0101405     2.21646 -0.00807961       1.766     2.41155   0.0164735  0.00917951  0.00229814
   0.0183777    -71.2603    -40.7429     3.86021   0.0766491     5.25576     2.26952    0.859778 -0.00732466    0.835685   -0.452392    -0.87931   -0.423412    0.014769  -0.0135726     2.40544  -0.0108142     1.91658     2.61716    0.017229  0.00988103   0.0024673
   0.0191942    -76.2941    -43.4983     4.36142   0.0885183     5.93565     2.67989    0.806995 -0.00599418    0.777761   -0.439338   -0.853771   -0.411011   0.0139082  -0.0152796     2.60223  -0.0141548     2.07337     2.83274   0.0162966  0.00960703  0.00238722
   0.0200469    -81.3346    -46.1888     4.91378    0.104798     6.68786     3.18761    0.652208  -0.0072724    0.605624   -0.381464   -0.740897   -0.356471   0.0118645  -0.0212074     2.80658  -0.0176659     2.23554     3.05462   0.0140821  0.00834096  0.00203971
   0.0209375    -86.5137    -49.0063     5.52879    0.122384     7.51678     3.76563    0.465534 -0.00455322    0.423066   -0.310977   -0.603411   -0.289954  0.00989673   -0.026293     3.01554  -0.0209494     2.40269     3.28436   0.0120387  0.00677457  0.00159755
   0.0218677    -91.6816    -51.7928     6.20481    0.138738     8.43045     4.36296     0.35181 -0.00598561     0.30069   -0.276172   -0.535135   -0.256765  0.00943753  -0.0302111     3.23111  -0.0240713     2.57445     3.52054   0.0117705  0.00599705  0.00135508
   0.0228392    -96.6706    -54.2784     6.94773    0.161531     9.43047     4.95924    0.368467 -0.00533779    0.306839   -0.303687   -0.588181   -0.281952    0.010852  -0.0362328     3.45064  -0.0288637     2.74884     3.76059    0.013626  0.00651409  0.00147243
   0.0238539    -101.562    -56.5771     7.75935     0.18679     10.5248     5.58537     0.45536 -0.00902974    0.381133   -0.366781   -0.710336   -0.340488    0.012768  -0.0429683     3.68118  -0.0329581     2.93305     4.01245   0.0159911  0.00786249  0.00185828
   0.0249137     -106.62    -58.9952     8.64041    0.215552      11.709     6.32028    0.461186 -0.00785937    0.372122   -0.396897   -0.768156   -0.368027   0.0130246  -0.0500908     3.91481  -0.0399108      3.1192     4.26891    0.016436  0.00852721  0.00211643
   0.0260205    -111.622    -61.3924     9.59234    0.245498     12.9855     7.21206    0.283501 -0.00915242    0.177129   -0.347471   -0.671155   -0.320746   0.0109164  -0.0582512     4.15638  -0.0464189     3.31166     4.53271   0.0142755  0.00742357  0.00191827
   0.0271765     -116.23    -63.3248     10.6184    0.279428     14.3596     8.22496  0.00457198 -0.00620832   -0.122081   -0.256574   -0.493095   -0.234127  0.00848061  -0.0689371      4.3974  -0.0549269     3.50371      4.7995   0.0119282  0.00537459  0.00141798
   0.0283839    -120.371    -64.7378     11.7217      0.3181      15.833     9.25749   -0.163696 -0.00945546   -0.314397   -0.221778   -0.423804   -0.199728  0.00856962  -0.0790535      4.6375  -0.0640344     3.69886     5.06691   0.0125882  0.00449527  0.00115139
   0.0296449    -124.219    -65.9163      12.902    0.358462     17.4051     10.2736   -0.141021  -0.0100458   -0.320837    -0.28197   -0.539053   -0.254174   0.0101011  -0.0903031     4.87937  -0.0719493     3.88774     5.32806   0.0147374  0.00568824   0.0014045
   0.0309619    -127.771     -66.893     14.1583    0.406086     19.0746     11.3726   -0.128055  -0.0120509   -0.343594   -0.343746    -0.65718   -0.309885   0.0121536   -0.104357     5.11219  -0.0831485     4.07323     5.58658   0.0176001  0.00696132   0.0017021
   0.0323375    -130.798     -67.357     15.4848    0.456118     20.8308     12.6621   -0.375174  -0.0130228   -0.626808   -0.296618   -0.562878   -0.262852   0.0125367   -0.119576     5.34469  -0.0952702     4.25848       5.844   0.0185201  0.00585276  0.00134639
   0.0337741    -133.573     -67.396     16.8809    0.511281     22.6792     14.0831   -0.752627  -0.0128399    -1.04905   -0.198655   -0.368739   -0.167052  0.00802638   -0.137421     5.58529   -0.109492     4.45019     6.11105   0.0143407  0.00353339 0.000538414
   0.0352746    -136.656    -67.5703     18.3525    0.574362     24.6215     15.4657   -0.907666  -0.0162638    -1.25624   -0.212639   -0.391603     -0.1755  0.00762493   -0.156897     5.84661   -0.125015      4.6584     6.40114   0.0149791   0.0035641 0.000243288
   0.0368417    -139.997    -68.0315     19.9004    0.646556     26.6552     16.8471   -0.902119  -0.0197121    -1.31115    -0.31229   -0.580544    -0.26357   0.0130285   -0.180054     6.11724   -0.143461      4.8747      6.7032   0.0219575  0.00549597 0.000536657
   0.0384785    -142.668    -67.9548     21.5107    0.723744     28.7679     18.4253    -1.17645  -0.0237362    -1.65378   -0.296009   -0.542814   -0.241738   0.0128671   -0.204519        6.38   -0.162958     5.08339     6.99533   0.0228836   0.0049108 0.000321765
    0.040188    -144.077     -66.608     23.1855    0.804311     30.9593     20.1467    -1.65842  -0.0272396     -2.2144    -0.19915   -0.346447   -0.142299   0.0105523   -0.231306     6.62663   -0.184298     5.27924     7.27116   0.0216454    0.002393 -0.00042446
   0.0419734    -144.836    -64.6315      24.927     0.89178     33.2323     21.7604    -1.83317  -0.0325911    -2.47979   -0.258741   -0.452791    -0.18766   0.0132878   -0.260582     6.86734    -0.20762     5.47167     7.54248   0.0263326  0.00312255 -0.000347417
   0.0438381     -145.96    -63.1468     26.7322    0.989934     35.5799     23.4067    -1.95841  -0.0401439     -2.7082   -0.358584    -0.63592   -0.269144   0.0166442   -0.292869     7.11861   -0.233349     5.67189     7.82518   0.0325577  0.00475817 0.000156705
   0.0457857    -147.703    -62.2013     28.5975      1.0994      37.998     25.3041     -2.5123  -0.0462931    -3.37981   -0.282331   -0.473548   -0.182302   0.0177103   -0.332981     7.39034   -0.265304      5.8884     8.13292   0.0336859  0.00242062 -0.000407141
   0.0478198    -149.818    -61.2256     30.5285     1.22389     40.5005     27.1452    -2.88896  -0.0559938    -3.89027   -0.306429   -0.502954   -0.185746    0.018901   -0.376774     7.70409   -0.300198     6.13839     8.48769    0.038781  0.00193217 -0.000880668
   0.0499443    -152.594    -60.5677      32.533     1.36921     43.0893      28.916    -3.04413  -0.0691957     -4.1982   -0.456541   -0.774725   -0.304304    0.025731   -0.430144      8.0592   -0.342725     6.42132     8.88988   0.0489451  0.00414024 -0.000729344
   0.0521632     -156.63    -61.1029     34.6108     1.53376     45.7685     30.9955    -3.68318  -0.0834592    -5.00963   -0.409392    -0.65781   -0.232437   0.0270625   -0.491369     8.45341   -0.391503     6.73542     9.33721   0.0531144  0.00185646 -0.00180737
   0.0544806    -161.657    -62.5716     36.7752      1.7175     48.5608     33.0564    -4.07016   -0.101258    -5.59194   -0.502906    -0.80896   -0.286238   0.0335302   -0.560188     8.88223   -0.446341     7.07708      9.8249   0.0633003  0.00211567  -0.0025347
    0.056901     -166.59    -63.7064     39.0311     1.92099     51.4545     35.1634    -4.38714   -0.124079    -6.12987   -0.659164    -1.07702   -0.393207   0.0427711   -0.640109     9.33224   -0.510023     7.43564     10.3384   0.0766781  0.00359133 -0.00253108
   0.0594289    -170.849    -63.9576     41.3691     2.14243     54.4556     37.5465    -5.10966   -0.149468    -7.09909   -0.656336    -1.02681   -0.341291   0.0478724   -0.728134      9.7916   -0.580155     7.80164     10.8652   0.0856326  0.00100621 -0.00343066
   0.0620692    -174.698     -63.882      43.794     2.37958     57.5624      39.814    -5.32939   -0.182305    -7.59414   -0.911875    -1.47399   -0.523013   0.0614255   -0.822476     10.2447   -0.656665     8.16296     11.3893    0.104286  0.00345107 -0.00315442
   0.0648267    -178.075    -63.6029     46.2815     2.62228     60.7412     42.4609    -6.00526   -0.220199    -8.57256   -0.987457     -1.5557   -0.524303   0.0726736   -0.925603     10.6794    -0.73811     8.50901     11.8919    0.120254   0.0014843 -0.00395566
   0.0677067    -179.986    -61.8844     48.8253     2.87039     63.9913     45.0231    -6.28708   -0.265199    -9.18543    -1.26303    -2.01722   -0.700118   0.0908911    -1.03488     11.0832   -0.824329     8.83079     12.3645    0.144321  0.00289112 -0.00478356
   0.0707147    -179.605    -57.7978     51.3912     3.11352     67.2602     47.7164    -6.77051   -0.317432    -10.0194    -1.46444    -2.32269   -0.793272    0.107308    -1.14547     11.4478   -0.912675     9.12126     12.7969     0.16756  0.00220182 -0.00596181
   0.0738564    -177.092    -51.8479     53.9657     3.33817     70.5343     50.3299    -6.95824   -0.376854    -10.5739    -1.80101    -2.87724   -0.997639    0.131716    -1.25336     11.7636   -0.998638     9.37283     13.1743    0.197696  0.00313805  -0.0069471
   0.0771375     -172.42    -44.4255     56.5124     3.51978     73.7683     53.0378    -7.21974   -0.438476    -11.2056     -2.0929     -3.3342    -1.14822    0.154379    -1.34583     11.9969    -1.07232     9.55855     13.4579    0.227404  0.00247212 -0.00734888
   0.0805645    -164.642    -34.4512     59.0237     3.64132     76.9539     55.4755      -7.082   -0.502852    -11.4237    -2.53319    -4.07261    -1.42977    0.181742     -1.4176     12.1423     -1.1295     9.67464     13.6412     0.26303  0.00395797 -0.00764537
   0.0841437    -153.386    -21.2857     61.4849     3.68656     80.0808     57.7445     -7.1501    -0.55876    -11.8081    -2.82406    -4.52423    -1.57536    0.203743    -1.45904     12.2244    -1.16266     9.74005     13.7468     0.29278  0.00257556 -0.00853106
    0.087882    -140.362    -6.74548     63.8993     3.66066     83.1553      59.584    -6.85467   -0.594563    -11.7643     -3.2263     -5.2244    -1.86063    0.223882    -1.47291     12.2729    -1.17357     9.77863     13.8081    0.315628   0.0050241 -0.00911164
   0.0917863    -128.253     6.49124     66.2901      3.5734     86.2102     61.6704    -7.22906   -0.585673    -12.2887    -3.26763    -5.29239    -1.88485    0.222828     -1.4609     12.3549      -1.164     9.84398     13.8997    0.318377   0.0038216  -0.0109115
   0.0958641     -118.25     17.4981      68.584     3.48294      89.136      64.132    -8.63919    -0.48987    -13.7334    -2.89975    -4.72944    -1.70835    0.191418    -1.44489     12.5081    -1.15124     9.96606     14.0685    0.272787  0.00357518  -0.0098104
    0.100123    -109.964     26.5784     70.4511     3.51413     91.4648     67.4341    -12.8681   -0.225178    -17.9131    -1.60077    -2.68263    -1.02196   0.0967315    -1.48988     12.6831    -1.18711     10.1054     14.2774    0.134784  0.00347361  -0.0112689
    0.104571    -105.068     32.5732     72.2419     3.53952     93.7183     71.3428    -18.3738    0.119516    -23.1841    0.341238    0.456404   0.0909128  -0.0341846    -1.54061     12.9893    -1.22752     10.3495     14.6232  -0.0521161 0.000569541  -0.0136769
    0.109217    -106.578     33.9056     74.9798     3.28112     97.3728     74.7111     -19.691     0.29154    -23.9724     1.33004      2.0638    0.667151   -0.101428    -1.45759     13.6798    -1.16136     10.8997     15.3399    -0.14254 -0.00030249  -0.0125612
    0.114069     -112.12     32.2027     77.9938     2.98758     101.428     78.0885    -18.9585    0.366161    -22.6705     1.72447     2.69661    0.887179   -0.132751    -1.36281     14.5361    -1.08584     11.5819     16.2307   -0.179889 0.000218042 -0.00984296
    0.119137    -118.157     30.6154     80.9657     2.74815     105.433     81.4706    -17.5221    0.379835    -20.7371     1.83698      2.8828    0.955648   -0.140241    -1.30149     15.4252    -1.03699     12.2917     17.1676   -0.186124 0.000472649 -0.00867979
     0.12443    -121.605     31.4755     83.7388     2.54821     109.141     84.5403    -15.9979    0.359837    -18.8275     1.81697     2.86902    0.964037   -0.136952    -1.26515     16.2303    -1.00803     12.9318     18.0184   -0.177808 0.000495063 -0.00862806
    0.129958     -120.99     35.3107     86.2548     2.31883      112.49     87.1133    -14.5496    0.316224    -17.0964     1.71109     2.72002    0.927272   -0.121667    -1.21075     16.8702   -0.964687     13.4416     18.6852   -0.161512 -0.000109042 -0.00756194
    0.135731    -115.701     42.2264     88.4694     2.01414     115.407     88.7875    -13.2115    0.265746     -15.555     1.54417     2.46814    0.851034   -0.103863    -1.10917     17.3167   -0.883753     13.7974     19.1278   -0.140495 -0.000253102 -0.00657167
    0.141761    -105.544     51.9042     90.3773     1.60145     117.894     89.0056    -11.9603    0.220941    -14.1477     1.34084     2.15146    0.747391  -0.0871092   -0.935516     17.5756   -0.745392     14.0037     19.3449   -0.116081  0.00075421 -0.00652388
    0.148059    -92.1706     62.8254     92.0369     1.11711     120.031     87.7065    -10.7277    0.191633    -12.7694     1.12042     1.80179    0.627936  -0.0793633   -0.700949     17.7265   -0.558494      14.124     19.4272  -0.0933515 0.000801924 -0.00571668
        0.15    -88.0981     65.9532     92.4845    0.973522     120.602     87.1183    -10.2941     0.18522    -12.2927     1.02278     1.63541    0.562419  -0.0780636   -0.627837      17.765   -0.500241     14.1546     19.4443  -0.0862111  0.00161009 -0.00480724
    0.154637    -79.4143     72.5018     93.4779    0.677306     121.862     85.9562    -9.49279    0.172424     -11.386    0.892492     1.43408    0.497854  -0.0757926   -0.476194     17.8698   -0.379419     14.2381     19.5062  -0.0705687  0.00147972 -0.00555831
    0.157895    -74.5754     76.2058      94.107    0.514315     122.654     85.4752    -8.89439    0.158202    -10.7158    0.779015     1.24858    0.430246  -0.0736174   -0.392394     17.9593   -0.312648     14.3094     19.5755  -0.0591695   0.0028706 -0.00446054
    0.161507    -70.5241     79.5233      94.751    0.387024      123.46     85.4735    -8.27328    0.150095     -10.005    0.662932     1.05872    0.361119  -0.0719658   -0.331445     18.0755   -0.264082      14.402     19.6802  -0.0482693  0.00286159 -0.00564686
    0.165789    -67.2561     82.8159     95.4541    0.310147     124.334     86.2276     -7.6431    0.131205    -9.30528    0.561666    0.880866    0.299927  -0.0694128   -0.303439     18.2427   -0.241771     14.5352     19.8514  -0.0380935   0.0024862 -0.00496694
    0.168682    -65.7407     84.8527     95.8746    0.309649     124.853     87.0001    -7.14098    0.113825    -8.75698    0.440908    0.692431    0.225604  -0.0633956   -0.318966      18.369   -0.254142     14.6342     19.9922  -0.0308007  0.00301164 -0.00493477
    0.173684    -63.8176     88.4246     96.5231    0.386534     125.647     88.7725      -6.468   0.0707656    -8.02812    0.307835    0.474597    0.146476   -0.044428   -0.398459     18.6045   -0.317476     14.8235     20.2678  -0.0189486  0.00374805 -0.00574239
    0.176176    -62.9847     90.2732     96.7993    0.449722     125.981     89.7197    -6.16923   0.0412321    -7.69149    0.233571    0.349105   0.0980227  -0.0281475   -0.457022     18.7224   -0.364141     14.9174      20.416  -0.0111177  0.00477496 -0.00491341
    0.181579    -61.0365      94.466     97.3046     0.60301     126.584     91.7556    -5.58672  -0.0203161     -7.0702   0.0865202    0.101073  0.00267583  0.00353249   -0.598049     18.9658   -0.475942     15.1124     20.7209 -0.000692483  0.00484406 -0.00533806
    0.184003    -59.9981     96.3958     97.4888    0.661061     126.799     92.6157    -5.38557  -0.0458896    -6.85763   0.0366729   0.0198604  -0.0266614   0.0175081   -0.654021     19.0619   -0.521108     15.1879     20.8425  0.00299878  0.00451954 -0.00531784
    0.189474    -57.1345     100.672     97.7906    0.732199     127.136     94.1691    -4.93486  -0.0866718    -6.39357   -0.105835   -0.225168   -0.123828   0.0420859   -0.738365     19.2392   -0.588339     15.3292     21.0562   0.0133432  0.00553741 -0.00543182
    0.192178    -55.3966     102.707     97.8949    0.734229     127.244      94.653    -4.71267  -0.0987279    -6.16758   -0.173205   -0.341676   -0.170632   0.0505491   -0.755306     19.3104    -0.60146     15.3859     21.1361   0.0187829  0.00614529 -0.00624665
    0.197368    -51.4653     106.283     98.0289     0.68376     127.364     94.8949    -4.32382   -0.107522    -5.77285   -0.306145   -0.575778   -0.267742   0.0574766   -0.743778     19.4262   -0.592622     15.4782     21.2542   0.0264321  0.00678571 -0.00627122
    0.200716    -48.5664     108.261     98.0822     0.61793     127.397     94.5457    -4.13899   -0.104368    -5.58169   -0.375249   -0.695975   -0.316589    0.056095   -0.708415     19.4905   -0.564443     15.5294     21.3104   0.0304123  0.00678447 -0.00619346
    0.205263    -44.3711     110.401     98.1132    0.497305     127.387     93.4372    -3.83096  -0.0897647    -5.26037   -0.458506   -0.840893   -0.375636   0.0479989    -0.63215     19.5649   -0.503677     15.5887      21.364    0.036294  0.00727383 -0.00678098
    0.209633    -40.2747     111.861     98.1184    0.360055     127.345     91.8898    -3.44559  -0.0654768    -4.85463   -0.571038    -1.04581   -0.465643    0.033613   -0.537092     19.6285   -0.427938     15.6394     21.4009   0.0428478   0.0089277 -0.00670339
    0.213158    -37.0897      112.74     98.1205     0.24568     127.308     90.5361    -3.17591  -0.0402166    -4.56382   -0.664414    -1.21756   -0.522836   0.0169012   -0.454126     19.6797   -0.361833     15.6801     21.4288   0.0470445  0.00922313 -0.00693675
    0.218946    -32.3321     114.012     98.1161   0.0780642     127.238     88.6752    -2.82366  0.00456448    -4.16729    -0.75931    -1.38744   -0.615055  -0.0158028   -0.329414      19.764   -0.262467     15.7474     21.4793   0.0516363  0.00922912 -0.00741166
    0.221053    -30.7785     114.543     98.1082     0.03068     127.204     88.1449    -2.61252   0.0180355    -3.93904    -0.80499    -1.47136   -0.652454  -0.0259298   -0.294048     19.7936   -0.234287     15.7709        21.5   0.0537812  0.00961952 -0.00753802
    0.228673    -25.8948     117.417     98.0468  -0.0395788     127.045     87.4163    -1.97674   0.0398284    -3.23793   -0.976458    -1.78909   -0.795716  -0.0349847   -0.246909     19.8969    -0.19673     15.8533     21.5953   0.0624136    0.011803 -0.00774628
    0.228947    -25.7365     117.555     98.0444  -0.0427129     127.039     87.4245    -1.95561   0.0258322    -3.21415   -0.981368    -1.79812    -0.79973  -0.0342211   -0.247658     19.9007   -0.197326     15.8563     21.6005   0.0627455   0.0118753 -0.00761638
    0.236842    -21.4368     122.489     97.8887   0.0340291     126.759     88.4262    -1.46363  -0.0389793    -2.66128    -1.09407      -2.003   -0.889123  0.00887019   -0.335604     19.9916   -0.267399     15.9287     21.7256   0.0673834   0.0121303 -0.00822427
    0.238833     -20.396     123.933     97.8261   0.0658069     126.659     88.8278    -1.37124  -0.0625866    -2.55524    -1.11058    -2.03168   -0.918192   0.0261081   -0.369577     20.0099   -0.294468     15.9432     21.7554   0.0689019   0.0124803 -0.00866779
    0.244737    -17.3166     128.263     97.5861    0.161706     126.294     89.9367   -0.933358   -0.135549    -2.08071    -1.22621     -2.2479   -0.998887   0.0823005   -0.473106     20.0558   -0.376956     15.9798      21.836   0.0741753   0.0141568 -0.00842904
    0.249443    -14.8591      131.37     97.3397     0.21611     125.933     90.5728   -0.677578   -0.179412    -1.79942    -1.30954    -2.40391    -1.06194    0.117745   -0.536698     20.0891   -0.427625     16.0063     21.8904   0.0769668   0.0148199 -0.00970232
    0.252632    -13.2092      133.12      97.148    0.232299     125.657     90.8018   -0.523136   -0.193991    -1.62889    -1.34946    -2.47776    -1.10279    0.130733   -0.560356     20.1121   -0.446468     16.0247     21.9213   0.0785851   0.0151892  -0.0090448
    0.260525    -9.30227     135.898     97.6039     0.20926     126.176     91.3779   -0.080054   -0.184902    -1.14549    -1.47916    -2.72341    -1.21651    0.129138   -0.554757      20.174   -0.442013      16.074     21.9834   0.0834649   0.0169298 -0.00894136
    0.260526    -9.30171     135.898     96.6072    0.209251     126.176     90.4608  -0.0800025   -0.184897    -1.14543    -1.47917    -2.72344    -1.21652    0.129135    -0.55475      20.174   -0.442008      16.074     21.9834   0.0834653   0.0169299 -0.00894126
    0.268421    -5.76963     136.763     96.0177    0.132263     124.059     89.2224    0.242977   -0.136566   -0.780645    -1.55663    -2.87009    -1.28447   0.0937825     -0.4919     20.2458   -0.391931     16.1312     22.0387   0.0862236   0.0178193 -0.00942249
    0.272099    -4.25796     136.792     95.7367   0.0912716     123.664     88.4831    0.426028   -0.111377   -0.577191    -1.60698    -2.96657    -1.33004   0.0743821   -0.455935     20.2799   -0.363275     16.1582     22.0631   0.0880132    0.018479 -0.00991156
    0.276316     -2.6104     136.743     95.4112   0.0492959     123.209      87.652    0.592042  -0.0873866   -0.382496    -1.64607    -3.04189    -1.36592   0.0551975   -0.418234      20.316   -0.333237     16.1872     22.0895     0.08924   0.0191841  -0.0096989
    0.284188    0.324108     136.915     94.7996 -0.00587472     121.974     86.2892    0.956854  -0.0671012   0.0251894    -1.73802    -3.21958    -1.45094   0.0390241   -0.370388     20.3729   -0.295114     16.2325     22.1346   0.0924076   0.0209492 -0.00965945
    0.284211    0.332368     136.917     94.5082 -0.00599044     122.353     86.2859    0.957875  -0.0670821   0.0263415    -1.73828    -3.22008    -1.45118    0.039009   -0.370297     20.3731   -0.295041     16.2326     22.1347    -0.13532   0.0209547 -0.00966081
    0.292105     3.20547     137.807     94.1671  -0.0332967     121.479     85.3738     1.21592  -0.0691501    0.330624    -1.78519    -3.31077    -1.49462   0.0405052   -0.351199      20.413   -0.279834     16.2644     22.1708   0.0936374   0.0218849  -0.0101506
    0.296814     4.90735     138.653     93.7787  -0.0402792     120.943     84.9811      1.3951  -0.0772855      0.5381    -1.82311    -3.38432    -1.52993   0.0479515   -0.348805     20.4291   -0.277917     16.2772     22.1868   0.0949651   0.0229215 -0.00978859
         0.3     6.05358     139.314      93.508  -0.0416719     120.571     84.8034     1.42507  -0.0833768    0.586221     -1.8092    -3.35742    -1.51705   0.0529395    -0.35115     20.4373   -0.279786     16.2838      22.196   0.0942421   0.0227673 -0.00990462
        0.31     9.55805     141.501     92.6239  -0.0411184     119.363     84.2388     1.73574   -0.102805    0.951896    -1.86505    -3.46565     -1.5689    0.071339   -0.363727     20.4544   -0.289814     16.2976     22.2171   0.0957887   0.0247462  -0.0103292
